98
242
234
134
43
102
149
165
166
12
191
19
68
23
88
180
195
70
75
59
78
148
35
160
197
223
17
97
221
130
13
6
25
7
110
122
126
151
239
176
118
114
32
120
189
214
86
58
116
207
245
220
57
146
229
2
153
224
173
42
172
249
198
218
108
45
156
182
144
133
248
181
11
225
142
159
125
66
84
190
188
41
150
158
167
52
201
93
209
171
10
208
24
155
196
30
21
92
91
40
210
145
31
141
76
55
169
213
235
177
4
54
228
240
215
123
247
81
50
230
3
132
111
113
212
73
60
27
77
152
206
124
26
202
241
71
178
184
237
33
136
128
99
9
87
187
72
222
138
203
34
139
200
174
67
236
226
80
18
238
147
47
20
48
194
227
79
89
183
250
217
140
115
119
61
216
112
185
231
63
157
104
103
95
96
143
14
90
244
121
49
46
39
64
105
186
83
62
37
199
129
15
22
163
233
168
205
38
175
164
69
232
65
36
162
137
211
56
154
192
28
219
29
101
74
135
161
53
204
107
85
100
16
5
44
131
127
179
117
106
51
193
8
1
109
170
243
246
82
94
